        us-e    us-w    irland  tokyo
us-e      0.048  92.502  95.063 185.464
us-w     96.701   0.054 161.027 140.031
irland   97.918 160.345   0.039 270.528
tokyo   184.288 134.734 268.827   0.052

row: from
column: to

---
ec2-54-227-42-64.compute-1.amazonaws.com
ec2-54-219-6-181.us-west-1.compute.amazonaws.com
ec2-54-229-197-90.eu-west-1.compute.amazonaws.com
ec2-54-238-139-0.ap-northeast-1.compute.amazonaws.com

---
rtt min/avg/max/mdev in ms

ec2-54-227-42-64.compute-1.amazonaws.com
0.025 0.048 0.055 0.012
83.727 92.502 122.558 12.443
94.716 95.063 95.586 0.462
170.290 185.464 208.884 14.151

ec2-54-219-6-181.us-west-1.compute.amazonaws.com
83.813 96.701 121.003 13.812
0.028 0.054 0.061 0.008
154.233 161.027 188.035 11.025
126.228 140.031 160.513 10.867

ec2-54-229-197-90.eu-west-1.compute.amazonaws.com
97.627 97.918 98.629 0.366
156.836 160.345 184.983 8.306
0.026 0.039 0.056 0.013
264.239 270.528 278.782 4.560

ec2-54-238-139-0.ap-northeast-1.compute.amazonaws.com
169.611 184.288 203.605 12.372
125.410 134.734 168.897 12.309
264.708 268.827 273.783 3.253
0.031 0.052 0.057 0.010

Sep 30, 2013. 4:30pm EST.
